-0.136583139
-0.127271877
-0.16387742
-0.148131106
-0.176623253
-0.159848632
-0.157178849
-0.16479531
-0.204471602
-0.1656486
-0.128702793
-0.124723904
-0.220521416
-0.149988687
-0.212251653
-0.161535582
-0.180267325
-0.148048152
-0.183937697
-0.182433701
-0.155019586
-0.131200253
-0.135789531
-0.196259852
-0.133941872
-0.134857093
-0.12281045
-0.118329561
-0.224538185
-0.179495109
-0.121360888
-0.11621385
-0.128887616
-0.17233986
-0.15028883
-0.142498498
-0.152807863
-0.115045754
-0.130066121
-0.123633528
-0.186287441
-0.168431106
-0.164108627
-0.117410448
-0.165434531
-0.1317528
-0.174332267
-0.182468472
-0.170031314
-0.189595367
-0.2172396
-0.180036026
-0.150328034
-0.260592151
-0.164428875
-0.182814475
-0.145818399
-0.14867884
-0.157098655
-0.200687932
-0.113903977
-0.205988652
-0.11642452
-0.12071718
-0.191953006
-0.167503105
-0.256647008
-0.134498392
-0.1732761
-0.115742848
-0.12956339
-0.259837535
-0.11742931
-0.167645
-0.186548273
-0.183080598
-0.144841717
-0.151537358
-0.191738693
-0.202068856
-0.256733697
-0.167636695
-0.136888194
-0.237234648
-0.185736683
-0.175997092
-0.199840498
-0.171333174
-0.210576727
-0.134359851
-0.187952409
-0.122463914
-0.1649444
-0.186333401
-0.136387392
-0.124694595
-0.126010825
-0.209942686
-0.146465239
-0.132970109
-0.146155984
-0.114450403
-0.156797262
-0.182942523
-0.225921798
-0.164604929
-0.110564788
-0.206348577
-0.198997998
-0.152108033
-0.158025896
-0.250326432
-0.223829888
-0.119170597
-0.154762099
-0.154366178
-0.221528142
-0.147567751
-0.221320934
-0.126680157
-0.208321358
-0.172976965
-0.125418671
-0.186653133
-0.124185419
-0.160876446
-0.202686416
-0.164780708
-0.174537459
-0.16122963
-0.124671985
-0.188920486
-0.193664383
-0.140456018
-0.156051223
-0.156871819
-0.153019185
-0.143977816
-0.124440457
-0.180767142
-0.169647058
-0.167955938
-0.12579675
-0.146090886
-0.184873538
-0.091816674
-0.159109324
-0.167096115
-0.186131661
-0.16632438
-0.180847433
-0.148228577
-0.176410549
-0.135908538
-0.07994199
-0.130637072
-0.16873989
-0.185321379
-0.153871417
-0.183566241
-0.1754013
-0.110544599
-0.129314716
-0.194711774
-0.154087852
-0.178657277
-0.218924378
-0.153889058
-0.123501854
-0.163097476
-0.177752754
-0.174222044
-0.140876113
-0.146549649
-0.156106301
-0.159290924
-0.1098011
-0.172687798
-0.192756419
-0.127927181
-0.104655838
-0.155766659
-0.111092994
-0.150227946
-0.158165215
-0.260313291
-0.17708103
-0.166342641
-0.20329358
-0.13286357
-0.103596838
-0.182020643
-0.182863905
-0.141399255
-0.098468701
-0.176640738
-0.197646899
-0.15980885
-0.123011571
-0.125840418
-0.180965289
-0.22730252
-0.280433084
-0.208528382
-0.165063128
-0.144147043
-0.154272361
-0.149130939
-0.195733852
-0.162206365
-0.210588513
-0.181594585
-0.145131675
-0.159987301
-0.115326458
-0.147298056
-0.11852945
-0.127986609
-0.142938829
-0.083508239
-0.167476204
-0.133986375
-0.164544474
-0.192421656
-0.149968722
-0.153102759
-0.149789778
-0.175646598
-0.129506483
-0.137730351
-0.144708988
-0.137396096
-0.156493045
-0.132425929
-0.166904343
-0.16587109
-0.099972967
-0.158934169
-0.154496932
-0.188441
-0.179509847
-0.176499604
-0.180317971
-0.133677948
-0.210732329
-0.222284257
-0.129415351
-0.194292541
-0.154592701
-0.111699458
-0.179781121
-0.169845709
-0.151788686
-0.164144417
-0.165332659
-0.124405645
-0.144706794
-0.141923893
-0.328556471
-0.236139748
-0.187968835
-0.157828602
-0.138497241
-0.184972408
-0.159943127
-0.179750175
-0.125323676
-0.174069156
-0.196041262
-0.140873384
-0.20057883
-0.164893163
-0.195336648
-0.148546266
-0.127590473
-0.085882124
-0.192946116
-0.166795639
-0.19179097
-0.129535077
-0.177568974
-0.166800021
-0.20547632
-0.17319608
-0.201920937
-0.117851178
-0.210554502
-0.147997734
-0.164784142
-0.153999749
-0.175427185
-0.187174952
-0.15134977
-0.172543966
-0.142905409
-0.197654808
-0.152352822
-0.195622543
-0.213480725
-0.127264899
-0.199390057
-0.146967986
-0.151285085
-0.138791569
-0.220136129
-0.089041053
-0.190437188
-0.105353356
-0.18424752
-0.127325052
-0.215696177
-0.204824279
-0.173395599
-0.150241382
-0.171066238
-0.156856597
-0.174477318
-0.17460671
-0.190236081
-0.202229536
-0.148457054
-0.134283978
-0.179726252
-0.203647182
-0.218529525
-0.103375706
-0.151104836
-0.254678991
-0.114183681
-0.195879103
-0.122686383
-0.244392353
-0.188277504
-0.096641428
-0.136843827
-0.160041704
-0.123383777
-0.125994316
-0.146935977
-0.22160172
-0.151080516
-0.137163819
-0.145450182
-0.165241592
-0.084218899
-0.149106204
-0.139279757
-0.192550802
-0.160079517
-0.171462207
-0.212080131
-0.15275669
-0.152619555
-0.18485081
-0.139210093
-0.189855275
-0.233457589
-0.129910321
-0.179033837
-0.127198743
-0.137925296
-0.18836868
-0.183375371
-0.103777876
-0.135203289
-0.112346799
-0.138698611
-0.181580551
-0.122068257
-0.165726268
-0.14373667
-0.159932948
-0.146369705
-0.121066357
-0.140479157
-0.148580107
-0.309918209
-0.189014712
-0.158981409
-0.134998006
-0.248389833
-0.160847497
-0.159259709
-0.178024795
-0.121449799
-0.127291482
-0.19280869
-0.139996897
-0.182838007
-0.199972416
-0.128336085
-0.161231244
-0.110363486
-0.220912018
-0.144674844
-0.204677882
-0.16286879
-0.194902651
-0.107542474
-0.182062059
-0.161824036
-0.143315804
-0.152716871
-0.106101199
-0.26275191
-0.165686296
-0.187966741
-0.167804698
-0.188997501
-0.142828116
-0.186156871
-0.202879684
-0.156772988
-0.204412501
-0.144043215
-0.121109006
-0.184127053
-0.164297873
-0.138332985
-0.129945213
-0.144417843
-0.158566605
-0.195201894
-0.181323685
-0.194250205
-0.171073308
-0.165932001
-0.153918688
-0.168517548
-0.238651984
-0.174554857
-0.148580169
-0.173874367
-0.097676793
-0.175015685
-0.091893989
-0.19412757
-0.241353689
-0.188995769
-0.179156487
-0.164281259
-0.208657646
-0.172911371
-0.168533849
-0.202682363
-0.177470114
-0.163492575
-0.167330572
-0.248621287
-0.148676201
-0.119200479
-0.116198864
-0.150341643
-0.271574507
-0.162393115
-0.084917445
-0.166280517
-0.109613597
-0.13907
-0.171625657
-0.137973998
-0.171086692
-0.162977657
-0.172832806
-0.108128521
-0.180026834
-0.199339031
-0.184561016
-0.158684004
-0.149860362
-0.220117692
-0.191939601
-0.12333128
-0.125029331
-0.218080512
-0.148168812
-0.125311114
-0.189303423
-0.106543309
-0.109390321
-0.098787782
-0.167797152
-0.105533384
-0.176237177
-0.182256967
-0.147934517
-0.177092802
-0.160549555
-0.197723718
-0.166495394
-0.154215278
-0.151887757
-0.217616878
-0.211424631
-0.210555822
-0.177363804
-0.109159175
-0.141773967
-0.183535222
-0.166804383
-0.168188798
-0.135883044
-0.237010558
-0.214328329
-0.175593832
-0.14823618
-0.116034951
-0.141941778
-0.143400424
-0.171211864
-0.179339154
-0.194448301
-0.232304792
-0.104997923
-0.135533784
-0.173217435
-0.188050233
-0.286993305
-0.088202592
-0.151296949
-0.167201839
-0.138649083
-0.17486162
-0.113563852
-0.10921666
-0.155041648
-0.13518174
-0.102821031
-0.21632856
-0.171441021
-0.192391199
-0.177805584
-0.182878496
-0.138996611
-0.123038074
-0.136293615
-0.207421596
-0.143922348
-0.216576191
-0.135007404
-0.16542043
-0.11798003
-0.168122568
-0.165274705
-0.261781865
-0.149379852
-0.20443527
-0.20690504
-0.306431491
-0.189356531
-0.135304697
-0.153064991
-0.119188564
-0.160317413
-0.116120688
-0.161557197
-0.159899661
-0.099079428
-0.137597922
-0.160979905
-0.182811888
-0.160168762
-0.178872229
-0.068051695
-0.141739813
-0.174769304
-0.131948251
-0.178622754
-0.080361148
-0.175402438
-0.146760098
-0.193279795
-0.159543526
-0.152475287
-0.209778945
-0.101480396
-0.167087738
-0.231039237
-0.080974766
-0.168445262
-0.150584852
-0.138196075
-0.137684546
-0.197990067
-0.227326877
-0.187644532
-0.156167559
-0.150310299
-0.127441116
-0.20913902
-0.132308909
-0.147339758
-0.139161845
-0.181728056
-0.125273365
-0.212919223
-0.219869421
-0.177475192
-0.17084453
-0.187030839
-0.119694384
-0.192719988
-0.154192078
-0.145101302
-0.094002752
-0.15873189
-0.138010839
-0.218150466
-0.128961419
-0.125818793
-0.141414619
-0.11022982
-0.221710841
-0.170090531
-0.125249834
-0.127152986
-0.130870589
-0.116179638
-0.175234879
-0.149532278
-0.174123135
-0.204556783
-0.112659613
-0.120261971
-0.17925908
-0.14081129
-0.159790382
-0.162382545
-0.090936182
-0.18005961
-0.132284332
-0.108731183
-0.133087492
-0.208424113
-0.203166089
-0.291428677
-0.17910931
-0.191486626
-0.241010685
-0.145589152
-0.14644893
-0.168646138
-0.139575704
-0.178877288
-0.189656735
-0.13158575
-0.191024371
-0.078943519
-0.211443443
-0.260314329
-0.137499591
-0.167487485
-0.149823706
-0.170196134
-0.156692144
-0.170841056
-0.094891552
-0.153481297
-0.159360555
-0.220667107
-0.175962817
-0.157598022
-0.180573871
-0.108359132
-0.125351864
-0.154787894
-0.143845587
-0.149033268
-0.141351226
-0.21488361
-0.198260126
-0.17381655
-0.11670913
-0.134177114
-0.179940039
-0.163260948
-0.139678563
-0.072180999
-0.212809644
-0.125263098
-0.172910258
-0.159536758
-0.138913908
-0.164913006
-0.162262179
-0.166073617
-0.118790498
-0.139918597
-0.090582724
-0.16376961
-0.122272926
-0.145871587
-0.146511475
-0.126296044
-0.174807246
-0.152371295
-0.113495664
-0.143037642
-0.194979532
-0.174310133
-0.145973404
-0.18384988
-0.185108472
-0.198556751
-0.143041839
-0.140149588
-0.151735258
-0.160396546
-0.115215973
-0.165116566
-0.213806434
-0.1501121
-0.125180015
-0.18181471
-0.166164764
-0.219621316
-0.169853107
-0.084361087
-0.143501752
-0.132588998
-0.145535942
-0.166140937
-0.118311551
-0.191598616
-0.18811089
-0.147393895
-0.160621857
-0.149437565
-0.218396279
-0.129192972
-0.167812965
-0.103438106
-0.197567275
-0.152264518
-0.117545794
-0.171745059
-0.191380021
-0.134726939
-0.239980407
-0.160362062
-0.175700187
-0.181327162
-0.218864195
-0.164524469
-0.164653129
-0.155966764
-0.15453767
-0.15400125
-0.132436751
-0.13384261
-0.123316882
-0.179637296
-0.176693286
-0.193025107
-0.224944968
-0.131265369
-0.127917388
-0.209604364
-0.160629108
-0.167731088
-0.244641164
-0.202894
-0.177583848
-0.160177499
-0.172629558
-0.271794982
-0.1054043
-0.171763724
-0.162613335
-0.227095672
-0.18283706
-0.177029568
-0.135932175
-0.163100892
-0.154818613
-0.188163816
-0.185553276
-0.18474215
-0.210011574
-0.174864474
-0.153876422
-0.182369849
-0.143162208
-0.219403047
-0.152197838
-0.184141823
-0.221342736
-0.216805284
-0.192385174
-0.11008123
-0.225607576
-0.144282676
-0.173044659
-0.164805032
-0.170143763
-0.135804538
-0.133843085
-0.185515712
-0.179670735
-0.153467462
-0.173129902
-0.186837363
-0.121333952
-0.186787655
-0.241881494
-0.222441525
-0.134932007
-0.165421488
-0.183550564
-0.122139533
-0.165649179
-0.151880425
-0.110124849
-0.155056297
-0.144395354
-0.119709055
-0.139484541
-0.101193286
-0.203718497
-0.139327516
-0.147730954
-0.151750671
-0.110576945
-0.095805161
-0.170649087
-0.152748327
-0.223249035
-0.133979948
-0.15266836
-0.166917819
-0.119076637
-0.204735477
-0.115681938
-0.149306489
-0.142232718
-0.177950269
-0.100403445
-0.161632797
-0.216462356
-0.23390673
-0.156762425
-0.182221025
-0.141335821
-0.146149124
-0.103155776
-0.25703587
-0.15750616
-0.184351618
-0.130718636
-0.11766431
-0.107576331
-0.17375246
-0.159313898
-0.167263838
-0.16049088
-0.184230225
-0.19342768
-0.145015224
-0.102779629
-0.084409475
-0.136166501
-0.188296898
-0.169305933
-0.187997343
-0.238140517
-0.130283899
-0.138190633
-0.145878524
-0.122980317
-0.175437953
-0.145821897
-0.18570068
-0.170328184
-0.161716932
-0.152629198
-0.127113757
-0.124061053
-0.16789031
-0.137431231
-0.232560306
-0.092184096
-0.141723024
-0.184172613
-0.146105519
-0.182204425
-0.151757799
-0.151104593
-0.22837757
-0.214781593
-0.178762059
-0.086570834
-0.138499497
-0.172679897
-0.140561392
-0.180870808
-0.155841933
-0.136854052
-0.20253588
-0.119978884
-0.144596595
-0.152794595
-0.188132519
-0.12613245
-0.152709258
-0.144716592
-0.201008921
-0.126323202
-0.150907467
-0.140363497
-0.078142949
-0.151648387
-0.129003983
-0.150538007
-0.166706531
-0.271495756
-0.138906883
-0.110007737
-0.191060831
-0.136179295
-0.163034343
-0.129568773
-0.173248586
-0.117782264
-0.138919603
-0.163531337
-0.123829612
-0.206469842
-0.16125294
-0.175484291
-0.13058919
-0.140574306
-0.123578302
-0.164019264
-0.218084227
-0.20546531
-0.21330429
-0.118240092
-0.18207559
-0.133275735
-0.14960288
-0.204798161
-0.235282895
-0.170291388
-0.147413305
-0.17715137
-0.16515373
-0.135577349
-0.143111053
-0.182458468
-0.160695341
-0.18999142
-0.178854334
-0.124893319
-0.184765081
-0.165109203
-0.157432236
-0.132106042
-0.200730406
-0.152195823
-0.172746232
-0.164752851
-0.135401861
-0.189871373
-0.12564736
-0.165941691
-0.211424673
-0.124101891
-0.084247477
-0.142326655
-0.12073469
-0.114407343
-0.185715278
-0.237145583
-0.132305074
-0.175328704
-0.151089597
-0.150521096
-0.156044131
-0.138951969
-0.189492092
-0.174087044
-0.121874935
-0.095805488
-0.160874048
-0.100970728
-0.203216748
-0.096558785
-0.173750144
-0.107959475
-0.13269216
-0.141761723
-0.163202442
-0.150474842
-0.196549722
-0.202753098
-0.173375016
-0.199266336
-0.153647801
-0.144114376
-0.156279517