0.063896523
-0.055720543
0.000711498
-0.04507214
-0.070478558
0.394946639
0.001545262
-0.017103771
-0.003392149
-0.019387918
0.20773662
-0.019157979
-0.016180675
0.040438022
0.060281524
-0.087367217
0.005390674
-0.040128693
-0.228854566
-0.024336139
-0.037095248
0.405352221
-0.034224076
0.002441353
-0.013459462
-0.035024765
0.03496237
-0.032870493
0.093522234
-0.042589806
0.04169032
0.75071974
-0.037614734
0.077320144
0.132838357
0.043554041
0.456592984
-0.036238539
-0.028442146
0.076213745
0.013214419
-0.047532218
-0.022878128
0.167785512
-0.030605586
-0.033343373
-0.017188099
-0.053751313
-0.098526727
0.022621746
-0.037641275
0.019206233
-0.043787979
0.167676808
-0.022303365
-0.015459712
-0.043200478
0.213578509
0.592290346
-0.022258679
0.483456018
0.033574194
1.013511421
0.119049957
0.00438229
-0.068509245
-0.035611428
-0.021276025
-0.025724746
-0.032353454
-0.06658355
-0.010442432
-0.014882426
-0.055415535
-0.069188227
0.004634135
-0.055102926
-0.070372719
-0.024012745
-0.003254779
0.046453257
-0.062720783
-0.021658483
-0.072499508
-0.09748032
0.073049355
-0.083770301
0.4666476
0.031758209
0.1150484
-0.027186745
-0.059528
0.005906267
0.022799843
-0.038045024
-0.034760695
-0.033149572
0.01173512
-0.064216314
-0.068608445
-0.00635429
-0.013043007
-0.117772763
-0.053580615
-0.035227625
-0.027747698
-0.01755439
-0.025839095
-0.029751148
-0.009082637
0.008957525
-0.105757741
-0.088648913
-0.055462411
-0.03058858
0.009051692
-0.042342025
0.054431239
0.133253187
-0.039725303
-0.035421137
-0.054157218
-0.010769825
0.255795762
-0.053025626
0.046993799
0.086002279
0.00207926
-0.050226329
-0.032512736
-0.034212502
0.023116245
0.344491625
0.267714418
-0.098162881
-0.044205699
-0.028625579
0.069912471
-0.075284827
0.014673685
0.013865973
-0.056972137
-0.13486138
0.089755043
-0.026016953
-0.014803969
0.336461363
-0.081249597
-0.061319373
0.056035431
-0.004055316
-0.07504028
0.017152906
0.226870046
0.022291696
0.009600412
0.54474711
-0.071964639
-0.032351266
-0.005613705
-0.018472763
0.010501147
0.063390893
0.021562654
0.015635514
0.000926363
-0.015576584
0.44645937
-0.033295412
-0.159903996
-0.090996567
0.057252065
-0.040035388
0.285056157
-0.025204429
-0.061449304
-0.001691319
0.406674505
-0.096175078
-0.025348121
-0.016390071
0.519615062
-0.070590542
0.626834808
0.008406156
-0.014861286
-0.044239883
0.019291084
-0.00709589
-0.044342305
-0.017767383
0.046051364
0.173320049
-0.072211072
0.023616039
0.106135836
-0.048243708
0.023099641
-0.012537008
0.378356223
0.000844433
-0.083782187
0.023974548
-0.015875671
-0.010656687
-0.018374193
0.018826105
-0.092822055
-0.025564455
-0.027706484
0.00421325
-0.093840566
0.019226116
-0.084312301
-0.01066423
-0.077286643
-0.152188712
0.009618086
-0.057178116
0.213743598
0.004780865
0.024074446
0.086844234
-0.090965072
-0.051986204
-0.011931919
-0.086305984
-0.045783391
0.003205568
0.057184868
-0.025031954
-0.013326561
-0.033155758
-0.032213245
0.071567569
-0.048825726
0.006974386
-0.035282189
0.065342066
-0.056443422
0.289637985
0.226648947
-0.053552548
0.048922945
0.019580617
-0.038617019
-0.023576115
-0.035310019
0.010226054
0.688143598
0.043755035
-0.026062838
-0.013677334
0.006424188
0.034196161
-0.020321425
0.228474779
-0.015700251
0.142582317
-0.025322376
-0.10387846
0.176867156
-0.101406924
-0.043809172
-0.003900971
-0.008240391
-0.008664361
0.01928341
-0.030240426
0.015748155
-0.047455834
-0.019050846
-0.001892477
0.094143818
0.385654297
-0.021396993
-0.059811317
-0.049132894
-0.026609293
-0.040741686
0.064469232
-0.040421062
0.011757666
-0.063728347
0.081895406
-0.039332221
0.068477688
-0.044734527
-0.045738257
-0.022027735
0.293660763
-0.006934205
-0.055261776
-0.01836953
0.014012894
-0.002379317
-0.055949887
-0.015990924
-0.039822146
-0.054551664
0.106485485
0.036726729
-0.037174402
-0.005376585
0.74094662
0.053397658
-0.058747711
-0.041582526
-0.104542464
0.170112857
0.05402766
0.06505374
-0.069623143
-0.106448882
-0.01149446
-0.001099942
-0.055057179
0.425412889
0.156294886
-0.010524441
0.005229296
0.027517963
-0.053215358
-0.064436747
0.049722966
-0.078335352
-0.045454233
-0.066417682
-0.036776054
-0.037240079
-0.025760726
-0.03485003
0.335015389
-0.018864854
-0.040690024
-0.082437876
0.102017996
-0.004269541
-0.050703024
-0.07858751
-0.013129677
-0.086071226
-0.131069384
-0.046886394
0.167755978
-0.007080882
-0.017704175
-0.106972418
-0.049323577
-0.021604724
-0.070312527
0.014700447
0.015063693
-0.032902459
-0.029224427
0.027809584
0.005133593
-0.035429351
-0.039223995
-0.015607455
-0.04114145
0.009264725
0.033659733
-0.039487904
-0.036122301
0.373673493
-0.026638148
-0.023321596
-0.05979529
-0.069263654
-0.016941795
-0.034871929
0.047904628
0.051363725
-0.058751963
-0.065696593
-0.033459115
-0.048239491
-0.075720777
0.241144486
0.013847351
-0.047223331
-0.028263807
0.098579622
-0.002549138
0.145847381
0.008779775
-0.002764878
0.045606651
-0.088572167
-0.026781839
-0.005675799
0.039734297
-0.168265302
0.0528859
-0.024625739
-0.005652076
-0.050625352
-0.003037558
-0.058662225
-0.069192767
0.228141541
-0.071131255
-0.020343516
-0.012327933
-0.091457038
0.039342245
-0.059365779
-0.043869485
0.286428434
0.058652916
0.041528018
0.44524622
-0.022795029
-0.023972223
0.013510774
-0.05246078
-0.022975819
-0.064379406
-0.049272727
-0.021512689
-0.020405415
-0.043587822
-0.021427662
-0.081508128
-0.041041703
0.052708562
0.131910365
0.022063088
0.007158549
-0.019437898
0.873180467
-0.101549298
-0.064775577
-0.047690453
-0.01492667
-0.004845663
0.102955631
-0.099088356
0.011150079
-0.080189582
0.17505879
-0.104337289
-4.52E-05
-0.149738966
-0.040205053
-0.057628912
-0.052125004
-0.029199151
-0.041244038
-0.037511006
-0.00798733
0.069444399
-0.048166684
-0.115237359
-0.076844712
0.176113203
0.047192075
-0.009994836
-0.002471535
-0.025061383
-0.042602885
0.048136796
-0.028539847
-0.063045338
0.364528495
-0.042656312
-0.056214055
-0.005808249
-0.001609073
0.104903396
-0.044562228
-0.033469891
-0.069159689
0.213816794
-0.045431714
-0.044573637
-0.054219107
-0.045306257
-0.03699649
0.008465081
0.336319906
0.056333976
-0.104507483
0.017337722
0.443380601
-0.036130824
-0.026343625
-0.049527777
-0.023498061
-0.114802427
0.086309724
-0.034955952
-0.033585314
-0.046223995
-0.043598995
0.352803914
-0.044950291
-0.018953221
-0.053613833
-0.008156373
-0.010512025
-0.039254961
0.220446011
0.52939188
-0.066128629
0.009724946
-0.079425074
0.335386366
0.036948387
-0.034305705
-0.088376612
0.285428324
0.000346989
-0.030012546
0.317597852
-0.029552011
0.11632254
-0.044832933
-0.067143802
-0.037246758
-0.00244042
-0.046644674
-0.014369752
-0.069552775
0.191793121
0.247775395
-0.093535573
-0.02035921
-0.019042758
-0.087456251
-0.029010283
0.006048096
-0.041069521
-0.051626594
-0.007394381
-0.018962366
0.014031454
-0.073291891
-0.032953443
-0.029453294
0.206290014
0.046656416
-0.008730045
-0.030067704
-0.002079473
-0.029984267
0.011508549
-0.035301921
-0.022719984
-0.009695583
-0.009669532
-0.00728792
-0.049470438
-0.017059063
-0.043805181
-0.075331649
-0.041275499
-0.034385108
-0.036396847
-0.06341531
-0.030268706
-0.0378493
-0.021654707
-0.011090012
-0.012742086
-0.03103385
0.142324567
-0.052342814
-0.113877685
0.022489348
-0.026058994
-0.049783667
-0.031877309
0.054029742
0.104575152
0.126019045
0.041768681
0.084584334
-0.040155246
0.000655633
0.021323139
0.037432196
-0.042467353
-0.018550661
-0.027218547
0.002359548
0.051352305
-0.010364918
0.015259669
-0.117711517
-0.189899456
-0.002359799
-0.032845245
-0.001264732
-0.009395805
0.008565833
-0.014596737
0.035272675
0.074317714
